305861
101010 10
101011 13
110 32
00001011000000110 33
1010011101 34
0000101100000000 35
0000101100000101 36
0000101100000100 37
10100111100001000 38
101001111011 39
10000101111 40
10000101110 41
00001001000 42
101001111000011 43
100000 44
1000011110 45
11101100 46
0000100100100 47
101001100001 48
1000010000 49
101001111001 50
000010110001 51
000010110111 52
00001010110 53
0000101100001 54
0000100100101 55
1010011110001 56
000010010011 57
00001011001 58
100001001 59
10100111100000 63
10100111100001001 64
100001110 65
1000010101 66
000010111 67
0000100000 68
000010001 69
000010100 70
1000011111 71
1000010110 72
111011010 73
1010011110100 74
000010110110 75
1000010001 76
1010011100 77
1010011001 78
1000010100 79
000010011 80
000010110000011 81
1010011111 82
1110110111 83
101001101 84
00001011010 85
10100110001 86
00001010111 87
1010011110101 88
101001100000 89
1010011110000101 90
0000101100000001 91
0000101100000010 93
00001011000000111 95
0111 97
1110111 98
00000 99
10001 100
001 101
111001 102
000011 103
0001 104
0110 105
0000101010 106
10000110 107
01001 108
111000 109
0101 110
1001 111
010000 112
0000100101 113
11110 114
11111 115
1011 116
111010 117
1010010 118
101000 119
1110110110 120
010001 121
0000100001 122
