4
6
7
9
13
15
17
18
22
25
27
31
33
34
35
38
39
41
42
45
46
48
50
52
53
56
59
62
65
69
70
72
73
74
77
78
80
84
85
86
88
91
92
96
99
100
102
105
107
110
111
113
117
119
122
123
127
129
132
135
136
140
144
145
149
152
153
155
157
159
161
165
169
171
174
176
178
182
186
189
191
195
199
201
202
205
207
208
212
216
219
223
226
228
232
235
239
240
244
246
248
249
250
251
254
257
259
263
265
266
269
273
277
279
280
284
288
290
294
297
298
300
302
306
310
312
314
317
319
320
324
327
328
332
335
338
340
344
347
351
355
356
359
362
364
367
369
371
375
377
381
385
388
390
393
395
398
402
403
407
411
415
417
418
422
426
429
430
433
434
438
440
441
443
447
450
454
455
459
462
464
467
470
471
475
476
478
480
481
483
484
488
490
492
496
497
498
501
502
505
508
509
513
517
519
522
524
526
530
531
535
536
539
541
542
545
548
551
555
558
562
563
565
566
568
570
571
574
578
580
581
583
585
586
587
590
593
595
599
601
603
607
610
611
612
615
618
621
622
624
625
626
628
631
632
636
640
642
644
647
650
652
656
660
662
663
665
666
668
670
672
676
677
681
685
686
689
691
695
698
701
705
708
709
711
715
719
720
721
722
725
728
730
733
735
739
742
745
749
753
757
758
761
765
766
768
769
772
775
779
780
782
785
789
791
792
795
796
797
800
801
805
806
808
810
812
813
817
821
825
828
832
833
835
838
839
842
845
848
850
852
855
858
859
861
865
866
870
874
875
877
881
885
887
888
889
892
894
898
901
902
905
907
908
912
916
917
919
922
925
928
932
934
935
939
942
946
950
953
956
957
961
963
967
969
972
973
977
981
985
987
991
993
996
997
998
1001
1002
1005
1006
1010
1011
1015
1016
1018
1022
1025
1026
1029
1030
1034
1037
1038
1039
1042
1044
1047
1050
1051
1053
1055
1058
1060
1064
1065
1067
1071
1074
1076
1078
1081
1082
1085
1088
1089
1093
1095
1099
1103
1107
1111
1114
1117
1121
1125
1126
1127
1129
1132
1134
1138
1142
1146
1147
1150
1154
1156
1159
1162
1165
1169
1170
1174
1176
1179
1183
1184
1188
1191
1192
1196
1199
1202
1204
1206
1208
1210
1213
1217
1221
1225
1228
1231
1234
1237
1239
1241
1245
1249
1253
1255
1258
1259
1260
1261
1264
1265
1266
1269
1272
1273
1275
1276
1280
1283
1286
1287
1291
1292
1296
1299
1303
1305
1306
1308
1312
1314
1317
1320
1321
1324
1325
1329
1332
1333
1337
1338
1339
1343
1346
1350
1351
1355
1359
1363
1365
1367
1371
1372
1374
1378
1381
1382
1383
1387
1389
1390
1391
1392
1395
1397
1400
1403
1404
1405
1409
1413
1414
1418
1421
1425
1428
1431
1434
1437
1439
1440
1444
1446
1447
1449
1450
1454
1456
1457
1460
1464
1465
1468
1472
1476
1480
1482
1484
1488
1490
1491
1494
1496
1497
1499
1500
1503
1507
1511
1512
1514
1518
1519
1522
1526
1528
1531
1534
1537
1540
1541
1543
1547
1551
1552
1555
1558
1560
1564
1567
1570
1571
1572
1573
1574
1576
1577
1580
1582
1586
1590
1593
1596
1600
1601
1604
1605
1608
1609
1612
1613
1615
1616
1620
1621
1622
1624
1627
1630
1632
1633
1634
1636
1638
1639
1641
1644
1646
1650
1654
1655
1658
1660
1664
1666
1668
1670
1672
1676
1678
1679
1680
1683
1684
1688
1691
1692
1694
1696
1699
1702
1704
1708
1712
1715
1719
1720
1722
1723
1727
1728
1730
1733
1736
1737
1741
1745
1747
1749
1753
1756
1758
1762
1764
1766
1769
1773
1775
1779
1780
1781
1783
1786
1790
1791
1792
1795
1796
1798
1802
1803
1806
1807
1810
1811
1812
1814
1818
1820
1823
1826
1830
1834
1836
1837
1838
1839
1840
1843
1847
1848
1851
1853
1856
1858
1860
1864
1868
1871
1872
1875
1878
1881
1884
1885
1888
1891
1893
1896
1900
1901
1902
1906
1910
1913
1917
1918
1921
1925
1928
1930
1931
1932
1935
1938
1940
1941
1943
1944
1947
1950
1954
1955
1956
1958
1959
1963
1964
1966
1968
1972
1974
1976
1979
1981
1985
1988
1990
1992
1994
1998
2002
2004
2008
2010
2011
2012
2014
2016
2017
2021
2025
2029
2033
2034
2036
2040
2044
2046
2048
2049
2050
2053
2055
2059
2063
2065
2067
2068
2071
2074
2078
2080
2081
2084
2088
2089
2092
2093
2095
2099
2100
2102
2105
2109
2111
2115
2119
2120
2121
2122
2123
2125
2128
2130
2131
2134
2137
2139
2142
2144
2148
2151
2154
2158
2159
2161
2165
2169
2172
2174
2177
2180
2183
2184
2186
2190
2191
2192
2196
2197
2198
2202
2204
2208
2209
2211
2213
2217
2220
2224
2225
2228
2230
2233
2235
2238
2239
2241
2243
2246
2249
2253
2254
2255
2259
2261
2265
2269
2272
2275
2276
2279
2281
2283
2285
2287
2291
2294
2295
2297
2300
2301
2305
2309
2313
2315
2317
2321
2324
2327
2329
2330
2332
2334
2335
2337
2340
2344
2345
2346
2348
2349
2353
2356
2359
2360
2364
2366
2370
2371
2374
2376
2377
2380
2381
2385
2389
2392
2395
2397
2398
2402
2404
2407
2408
2410
2414
2418
2419
2423
2427
2429
2430
2433
2437
2440
2444
2447
2451
2454
2457
2459
2463
2467
2471
2475
2478
2481
2483
2485
2489
2492
2493
2494
2495
2497
2499
2503
2504
2506
2509
2513
2516
2519
2522
2524
2525
2527
2528
2532
2536
2539
2541
2544
2546
2547
2549
2550
2554
2558
2560
2563
2565
2567
2571
2573
2576
2577
2578
2581
2584
2587
2590
2591
2593
2594
2597
2599
2601
2604
2606
2607
2608
2611
2614
2617
2620
2624
2627
2629
2632
2636
2637
2641
2642
2646
2647
2651
2655
2656
2658
2660
2664
2668
2671
2672
2676
2677
2679
2680
2683
2686
2687
2690
2691
2694
2695
2699
2702
2705
2706
2707
2709
2710
2711
2714
2718
2719
2721
2725
2727
2730
2731
2732
2735
2738
2739
2741
2744
2746
2749
2750
2751
2754
2758
2759
2761
2765
2769
2773
2776
2777
2781
2785
2786
2790
2792
2793
2794
2797
2801
2803
2805
2809
2811
2815
2818
2820
2821
2822
2825
2828
2830
2833
2835
2836
2840
2843
2847
2850
2852
2854
2857
2858
2860
2864
2865
2868
2872
2873
2875
2878
2880
2883
2885
2888
2890
2894
2898
2900
2901
2903
2904
2906
2907
2909
2911
2915
2919
2920
2922
2923
2926
2927
2928
2932
2936
2937
2939
2942
2943
2946
2947
2949
2950
2952
2956
2958
2960
2963
2967
2969
2970
2974
2977
2978
2979
2983
2987
2991
2995
2996
3000
3002
3003
3007
3008
3012
3013
3016
3018
3019
3020
3022
3025
3027
3031
3033
3036
3037
3038
3040
3042
3043
3044
3048
3049
3050
3053
3057
3061
3063
3067
3070
3074
3075
3078
3082
3086
3089
3091
3093
3096
3099
3102
3103
3107
3109
3112
3114
3116
3119
3123
3126
3129
3133
3135
3138
3139
3143
3145
3149
3151
3152
3155
3156
3157
3158
3162
3163
3166
3168
3170
3171
3175
3179
3181
3184
3186
3190
3194
3197
3199
3202
3204
3208
3211
3214
3216
3219
3222
3225
3227
3231
3234
3238
3242
3246
3250
3253
3257
3259
3263
3264
3267
3270
3274
3278
3279
3280
3283
3284
3288
3292
3295
3296
3299
3300
3303
3307
3310
3311
3313
3314
3318
3322
3326
3329
3332
3336
3338
3340
3341
3342
3344
3347
3351
3353
3355
3359
3361
3365
3369
3370
3373
3376
3377
3378
3381
3385
3389
3391
3395
3396
3398
3402
3403
3404
3406
3409
3413
3416
3417
3418
3422
3424
3427
3430
3433
3434
3436
3437
3441
3443
3444
3447
3451
3453
3456
3458
3459
3462
3465
3469
3472
3476
3479
3482
3483
3484
3486
3490
3493
3495
3499
3501
3504
3507
3511
3513
3516
3518
3520
3522
3525
3527
3531
3533
3536
3539
3542
3545
3546
3548
3551
3554
3555
3556
3558
3559
3560
3563
3564
3568
3572
3576
3577
3579
3581
3582
3585
3589
3591
3595
3597
3601
3603
3604
3605
3609
3612
3615
3618
3621
3625
3626
3628
3629
3630
3633
3634
3636
3637
3638
3639
3643
3644
3645
3646
3648
3649
3653
3655
3657
3660
3663
3664
3668
3671
3672
3676
3678
3682
3684
3688
3691
3693
3694
3697
3699
3702
3706
3709
3712
3716
3719
3721
3725
3729
3732
3734
3738
3740
3743
3745
3749
3750
3752
3756
3759
3762
3765
3769
3771
3775
3779
3783
3784
3788
3791
3793
3796
3798
3799
3800
3801
3804
3807
3808
3810
3811
3813
3815
3817
3821
3824
3825
3829
3833
3837
3839
3841
3843
3845
3848
3849
3850
3853
3854
3858
3859
3862
3864
3866
3869
3872
3874
3875
3876
3878
3881
3882
3885
3889
3891
3893
3895
3897
3898
3899
3901
3904
3907
3910
3914
3915
3919
3923
3926
3930
3933
3936
3938
3939
3943
3947
3950
3952
3953
3956
3959
3962
3965
3967
3969
3973
3976
3979
3980
3984
3987
3989
3991
3992
3993
3994
3996
4000
4004
4008
4011
4013
4016
4017
4019
4021
4025
4029
4032
4036
4038
4040
4042
4046
4049
4052
4055
4056
4057
4061
4065
4069
4070
4071
4075
4076
4077
4078
4082
4086
4087
4090
4092
4095
4098
4101
4105
4107
4110
4113
4115
4119
4123
4126
4130
4132
4134
4136
4138
4140
4141
4143
4144
4146
4148
4149
4151
4154
4155
4157
4159
4160
4164
4167
4170
4172
4174
4177
4180
4184
4185
4189
4192
4196
4199
4201
4202
4206
4210
4212
4213
4217
4220
4222
4223
4224
4226
4229
4232
4234
4238
4242
4245
4248
4251
4252
4256
4260
4263
4265
4268
4271
4273
4274
4276
4280
4283
4285
4288
4290
4294
4297
4298
4300
4304
4306
4308
4309
4313
4317
4320
4323
4327
4328
4329
4331
4332
4336
4337
4341
4342
4345
4347
4349
4352
4356
4357
4358
4359
4362
4364
4368
4370
4373
4375
4376
4380
4383
4385
4388
4391
4395
4396
4398
4402
4403
4406
4410
4414
4417
4420
4424
4425
4426
4428
4431
4435
4437
4441
4445
4446
4447
4451
4453
4456
4457
4459
4461
4464
4467
4471
4472
4474
4478
4480
4481
4485
4489
4490
4493
4495
4498
4501
4503
4506
4510
4511
4513
4514
4518
4520
4521
4525
4526
4528
4531
4532
4536
4540
4543
4545
4549
4553
4557
4560
4561
4565
4568
4569
4573
4574
4576
4579
4582
4586
4587
4589
4593
4596
4599
4602
4606
4609
4611
4615
4616
4620
4624
4628
4632
4634
4635
4638
4639
4643
4644
4646
4650
4653
4655
4658
4662
4665
4666
4668
4670
4672
4676
4677
4681
4683
4686
4689
4693
4694
4696
4700
4704
4705
4708
4711
4713
4717
4718
4721
4724
4726
4730
4732
4736
4737
4738
4741
4744
4745
4746
4747
4749
4753
4754
4755
4756
4760
4763
4767
4771
4775
4779
4782
4786
4788
4790
4792
4793
4795
4799
4803
4806
4809
4810
4813
4816
4817
4818
4819
4821
4822
4823
4826
4830
4832
4836
4840
4841
4843
4847
4851
4853
4856
4858
4859
4863
4866
4868
4869
4870
4871
4875
4878
4881
4885
4886
4887
4888
4890
4892
4894
4896
4898
4902
4904
4907
4910
4911
4914
4915
4919
4921
4923
4925
4929
4931
4933
4935
4939
4941
4943
4947
4948
4949
4952
4956
4957
4960
4964
4966
4970
4971
4975
4977
4978
4979
4983
4986
4987
4990
4993
4994
4998
5002
5004
5007
5009
5012
5013
5014
5018
5020
5024
5028
5030
5032
5036
5039
5040
5043
5047
5051
5055
5058
5059
5063
5066
5067
5069
5073
5076
5077
5081
5083
5087
5088
5089
5090
5094
5095
5096
5099
5101
5102
5105
5109
5111
5113
5115
5117
5121
5122
5124
5127
5131
5133
5135
5137
5139
5143
5144
5148
5152
5156
5158
5161
5162
5164
5168
5172
5174
5178
5180
5183
5187
5191
5193
5195
5196
5199
5202
5203
5207
5211
5214
5217
5219
5220
5224
5227
5231
5232
5235
5238
5242
5246
5247
5251
5252
5256
5259
5261
5265
5266
5270
5273
5277
5279
5283
5284
5288
5291
5292
5295
5297
5300
5301
5304
5307
5308
5310
5312
5313
5317
5321
5325
5328
5329
5333
5336
5340
5342
5346
5349
5351
5354
5356
5358
5362
5363
5365
5369
5372
5374
5376
5377
5381
5384
5387
5390
5393
5397
5401
5404
5407
5411
5413
5414
5418
5419
5422
5425
5428
5430
5432
5436
5437
5440
5441
5445
5448
5450
5453
5455
5458
5459
5461
5464
5467
5471
5472
5473
5477
5481
5484
5486
5489
5493
5496
5498
5499
5500
5501
5504
5507
5509
5511
5514
5518
5521
5523
5525
5529
5530
5533
5536
5537
5541
5542
5545
5549
5550
5553
5556
5560
5561
5565
5568
5572
5574
5578
5582
5585
5589
5591
5592
5593
5597
5600
5604
5606
5610
5612
5613
5617
5621
5624
5628
5632
5635
5637
5640
5643
5647
5648
5651
5655
5659
5660
5664
5666
5670
5673
5677
5681
5682
5686
5690
5694
5696
5700
5701
5702
5703
5704
5705
5709
5713
5717
5720
5722
5724
5725
5726
5727
5728
5731
5732
5733
5736
5740
5742
5744
5746
5747
5748
5750
5754
5755
5756
5757
5761
5762
5763
5767
5769
5770
5773
5774
5775
5777
5779
5781
5783
5785
5787
5790
5794
5796
5799
5801
5802
5806
5810
5813
5817
5821
5825
5828
5832
5833
5836
5839
5840
5843
5845
5847
5851
5852
5854
5858
5860
5864
5865
5868
5869
5871
5872
5873
5877
5880
5882
5886
5888
5889
5891
5892
5893
5895
5898
5902
5904
5905
5908
5910
5914
5918
5922
5925
5929
5930
5932
5933
5937
5939
5943
5944
5947
5951
5952
5954
5957
5959
5961
5965
5968
5971
5972
5975
5979
5982
5984
5985
5989
5993
5996
5999
6003
6005
6006
6009
6011
6013
6017
6019
6022
6025
6027
6028
6030
6032
6035
6039
6042
6046
6050
6051
6053
6057
6060
6062
6064
6065
6067
6068
6072
6076
6079
6082
6083
6086
6088
6091
6095
6096
6100
6102
6105
6106
6109
6113
6115
6116
6120
6124
6128
6131
6132
6133
6135
6138
6140
6143
6146
6150
6154
6157
6160
6162
6163
6167
6168
6170
6172
6176
6178
6179
6181
6185
6186
6190
6194
6196
6200
6203
6204
6207
6208
6209
6212
6214
6218
6219
6223
6225
6229
6232
6236
6238
6239
6240
6241
6242
6244
6246
6250
6254
6256
6257
6260
6262
6266
6268
6271
6274
6278
6282
6283
6287
6291
6295
6296
6299
6303
6304
6305
6308
6311
6315
6319
6322
6326
6327
6330
6332
6334
6337
6338
6342
6345
6348
6349
6352
6353
6357
6358
6362
6365
6367
6371
6373
6374
6378
6379
6383
6387
6388
6390
6393
6397
6398
6399
6403
6404
6408
6409
6412
6414
6415
6417
6421
6424
6426
6428
6431
6432
6435
6438
6441
6445
6447
6448
6452
6453
6454
6457
6458
6459
6463
6466
6470
6474
6477
6480
6481
6483
6486
6489
6492
6495
6499
6502
6504
6505
6509
6513
6515
6517
6519
6523
6524
6527
6531
6535
6539
6543
6545
6549
6553
6554
6556
6560
6561
6565
6567
6568
6570
6571
6574
6578
6581
6583
6585
6589
6591
6593
6597
6600
6603
6604
6607
6611
6615
6617
6620
6623
6625
6626
6628
6629
6630
6633
6637
6638
6640
6642
6643
6646
6648
6651
6654
6658
6662
6666
6670
6672
6673
6676
6680
6684
6687
6689
6692
6694
6698
6699
6703
6704
6705
6706
6707
6709
6712
6713
6715
6716
6718
6721
6724
6727
6728
6729
6731
6732
6733
6734
6736
6737
6740
6741
6745
6747
6750
6752
6755
6757
6760
6763
6765
6768
6771
6773
6777
6779
6781
6783
6785
6788
6792
6796
6797
6801
6802
6805
6809
6810
6813
6814
6815
6817
6819
6820
6823
6827
6829
6830
6831
6835
6838
6840
6843
6845
6848
6850
6853
6854
6857
6861
6864
6866
6869
6873
6875
6878
6880
6881
6884
6888
6890
6894
6895
6898
6902
6905
6907
6908
6912
6914
6915
6917
6920
6923
6926
6927
6931
6932
6933
6936
6940
6944
6948
6951
6954
6955
6956
6960
6962
6966
6969
6972
6975
6979
6980
6982
6984
6986
6988
6989
6992
6994
6997
6998
7002
7003
7004
7008
7010
7012
7014
7015
7016
7017
7020
7023
7025
7029
7031
7034
7037
7041
7042
7043
7046
7047
7049
7050
7052
7055
7056
7060
7061
7064
7068
7072
7076
7080
7083
7084
7085
7089
7090
7091
7092
7096
7099
7101
7104
7108
7112
7113
7117
7121
7122
7124
7128
7130
7132
7133
7137
7140
7144
7148
7149
7152
7156
7160
7162
7164
7168
7171
7173
7174
7177
7179
7183
7185
7188
7190
7191
7193
7195
7199
7200
7202
7204
7208
7211
7214
7218
7220
7221
7224
7226
7228
7229
7230
7231
7233
7235
7236
7240
7243
7244
7247
7251
7255
7259
7261
7262
7266
7269
7271
7275
7278
7281
7282
7284
7285
7288
7289
7291
7295
7298
7301
7302
7305
7308
7309
7310
7311
7312
7316
7319
7320
7322
7325
7329
7330
7334
7338
7339
7342
7343
7347
7348
7351
7355
7358
7361
7363
7366
7367
7368
7370
7373
7374
7378
7380
7382
7386
7388
7390
7394
7398
7401
7402
7404
7406
7408
7410
7412
7414
7418
7420
7421
7425
7426
7430
7432
7435
7436
7437
7440
7442
7444
7446
7448
7449
7452
7455
7456
7460
7461
7465
7468
7471
7475
7476
7480
7481
7483
7484
7486
7487
7490
7492
7496
7499
7500
7502
7503
7505
7507
7511
7514
7517
7518
7522
7525
7528
7531
7534
7536
7539
7541
7545
7546
7548
7552
7556
7558
7559
7560
7564
7565
7568
7569
7570
7571
7573
7575
7576
7579
7582
7586
7587
7588
7592
7596
7599
7601
7603
7605
7608
7612
7615
7618
7622
7626
7628
7632
7634
7637
7641
7642
7645
7647
7648
7651
7653
7655
7659
7661
7665
7667
7669
7673
7675
7676
7680
7681
7684
7685
7687
7688
7689
7693
7696
7700
7704
7705
7708
7709
7712
7714
7715
7716
7719
7720
7724
7728
7731
7734
7736
7738
7739
7742
7744
7746
7749
7750
7752
7753
7754
7757
7759
7760
7763
7767
7768
7770
7774
7777
7779
7781
7782
7784
7787
7790
7792
7794
7797
7801
7805
7809
7811
7815
7817
7820
7822
7826
7829
7832
7833
7836
7838
7840
7844
7848
7849
7853
7854
7855
7857
7859
7861
7863
7866
7870
7871
7875
7876
7879
7883
7884
7886
7887
7891
7894
7897
7898
7900
7901
7905
7907
7910
7911
7914
7916
7920
7924
7925
7929
7933
7936
7937
7938
7942
7945
7946
7950
7952
7953
7955
7956
7957
7960
7961
7962
7963
7966
7967
7970
7973
7977
7981
7983
7987
7990
7993
7996
7998
8002
8004
8005
8007
8009
8010
8011
8015
8016
8017
8019
8021
8023
8025
8027
8028
8031
8033
8034
8035
8038
8041
8045
8047
8050
8051
8053
8054
8057
8061
8063
8065
8067
8069
8072
8075
8077
8081
8084
8087
8091
8095
8099
8100
8101
8102
8103
8106
8109
8111
8115
8116
8120
8123
8125
8127
8130
8133
8135
8136
8139
8142
8145
8149
8153
8154
8156
8158
8162
8166
8170
8173
8176
8179
8183
8187
8190
8194
8196
8197
8198
8199
8200
8201
8204
8207
8209
8210
8211
8215
8217
8220
8222
8226
8228
8230
8234
8238
8241
8245
8248
8250
8252
8254
8258
8259
8260
8262
8263
8265
8268
8269
8272
8275
8276
8277
8278
8281
8283
8285
8287
8290
8294
8297
8299
8301
8305
8306
8307
8309
8313
8316
8319
8321
8325
8327
8329
8333
8337
8339
8341
8343
8346
8350
8354
8357
8361
8362
8363
8364
8366
8368
8371
8372
8373
8377
8379
8383
8384
8386
8388
8392
8393
8397
8398
8402
8404
8407
8411
8412
8416
8417
8419
8421
8425
8426
8427
8430
8431
8432
8436
8438
8441
8443
8446
8449
8451
8455
8457
8459
8461
8464
8465
8467
8470
8472
8473
8477
8481
8485
8489
8492
8496
8497
8498
8501
8502
8503
8505
8507
8508
8509
8512
8515
8517
8518
8519
8522
8523
8526
8530
8532
8533
8534
8537
8540
8542
8545
8547
8548
8551
8552
8555
8557
8558
8561
8562
8564
8567
8569
8572
8576
8578
8579
8581
8584
8586
8589
8591
8593
8594
8595
8598
8599
8600
8601
8605
8607
8610
8611
8613
8614
8616
8617
8620
8622
8625
8628
8631
8633
8637
8638
8639
8640
8642
8644
8647
8650
8654
8658
8662
8666
8667
8669
8670
8671
8673
8677
8680
8684
8688
8692
8693
8694
8698
8701
8704
8707
8708
8709
8713
8717
8719
8723
8727
8730
8731
8733
8734
8735
8737
8741
8745
8747
8748
8752
8754
8756
8759
8763
8764
8767
8771
8772
8775
8778
8781
8782
8783
8786
8788
8792
8794
8797
8800
8801
8802
8806
8809
8810
8814
8818
8822
8825
8826
8830
8833
8835
8836
8837
8839
8840
8843
8844
8846
8848
8851
8855
8857
8861
8864
8867
8870
8874
8875
8877
8878
8879
8880
8883
8884
8888
8890
8894
8896
8898
8901
8905
8908
8911
8912
8916
8920
8923
8927
8928
8932
8935
8939
8941
8943
8945
8949
8953
8955
8956
8957
8959
8960
8961
8965
8967
8971
8972
8973
8975
8977
8981
8982
8986
8988
8989
8993
8994
8998
9001
9002
9005
9006
9007
9011
9013
9015
9019
9021
9024
9028
9030
9034
9038
9041
9044
9045
9047
9050
9052
9055
9059
9060
9064
9068
9070
9074
9077
9080
9083
9084
9087
9089
9091
9094
9095
9098
9099
9103
9107
9110
9113
9115
9118
9121
9125
9126
9129
9130
9134
9138
9142
9145
9149
9152
9154
9156
9158
9162
9166
9167
9168
9170
9172
9174
9175
9177
9181
9182
9184
9188
9191
9195
9196
9197
9199
9203
9205
9206
9210
9211
9215
9218
9221
9225
9226
9227
9228
9231
9235
9239
9242
9246
9247
9251
9252
9253
9254
9255
9256
9258
9262
9266
9268
9272
9276
9279
9282
9283
9286
9288
9289
9292
9293
9297
9299
9300
9304
9306
9309
9312
9313
9314
9317
9318
9322
9325
9327
9328
9331
9333
9335
9337
9338
9341
9342
9343
9345
9348
9349
9353
9354
9356
9358
9359
9360
9363
9364
9368
9372
9376
9378
9382
9386
9390
9391
9395
9398
9400
9404
9405
9408
9409
9412
9416
9420
9423
9427
9428
9430
9434
9438
9440
9441
9443
9445
9446
9450
9452
9456
9460
9461
9463
9466
9467
9468
9471
9475
9478
9482
9485
9489
9492
9495
9497
9499
9501
9505
9506
9508
9509
9513
9515
9517
9518
9521
9524
9525
9527
9528
9529
9530
9531
9533
9537
9538
9540
9542
9546
9547
9549
9551
9555
9559
9560
9561
9562
9564
9568
9569
9573
9574
9578
9579
9581
9585
9588
9589
9590
9594
9595
9596
9597
9598
9600
9604
9606
9609
9610
9611
9614
9616
9619
9621
9622
9625
9627
9628
9632
9634
9635
9638
9640
9641
9644
9647
9651
9652
9655
9659
9660
9663
9667
9668
9672
9673
9677
9678
9682
9686
9687
9689
9691
9694
9698
9700
9701
9702
9705
9706
9708
9711
9714
9717
9720
9722
9724
9727
9729
9733
9735
9737
9740
9742
9744
9746
9748
9749
9751
9752
9753
9755
9758
9760
9761
9763
9766
9767
9769
9770
9771
9775
9779
9783
9785
9787
9788
9791
9795
9797
9800
9802
9806
9807
9810
9811
9813
9817
9819
9822
9823
9825
9829
9832
9835
9839
9843
9844
9845
9846
9848
9849
9853
9854
9858
9860
9862
9866
9870
9872
9874
9876
9879
9880
9882
9883
9884
9887
9891
9893
9894
9898
9901
9902
9904
9905
9909
9910
9912
9916
9918
9921
9922
9923
9926
9930
9932
9936
9940
9942
9943
9944
9947
9950
9951
9952
9955
9956
9959
9962
9965
9969
9971
9972
9976
9980
9982
9985
9989
9992
9995
9996
9997
10000
10002
10005
10007
10010
10012
10013
10017
10020
10021
10024
10025
10026
10029
10033
10035
10036
10038
10042
10046
10049
10053
10056
10058
10059
10061
10063
10066
10070
10072
10075
10077
10080
10081
10084
10086
10089
10093
10094
10095
10099
10102
10103
10104
10105
10109
10111
10113
10114
10115
10116
10120
10124
10128
10129
10130
10131
10133
10136
10140
10144
10146
10147
10149
10151
10154
10157
10161
10163
10167
10171
10173
10175
10176
10178
10181
10185
10188
10192
10193
10196
10200
10204
10206
10209
10213
10215
10218
10220
10221
10223
10224
10226
10228
10230
10233
10234
10235
10238
10240
10244
10246
10249
10250
10252
10256
10259
10261
10263
10265
10267
10271
10273
10274
10276
10280
10284
10287
10290
10291
10294
10298
10299
10303
10305
10308
10311
10313
10316
10317
10320
10322
10324
10326
10328
10332
10333
10334
10335
10338
10340
10342
10344
10347
10349
10352
10355
10356
10358
10359
10361
10365
10369
10371
10375
10376
10380
10382
10384
10386
10388
10389
10392
10395
10397
10398
10400
10402
10403
10405
10409
10411
10414
10416
10417
10421
10425
10428
10429
10430
10433
10435
10436
10438
10441
10445
10448
10451
10452
10456
10460
10462
10466
10469
10473
10474
10477
10479
10482
10485
10488
10490
10494
10496
10499
10503
10504
10507
10509
10510
10513
10517
10519
10522
10524
10525
10527
10531
10534
10536
10539
10541
10544
10547
10551
10554
10557
10559
10563
10564
10568
10570
10573
10577
10580
10581
10584
10588
10591
10592
10596
10598
10602
10604
10608
10609
10611
10613
10617
10621
10624
10627
10628
10630
10631
10632
10636
10639
10641
10644
10648
10650
10654
10656
10657
10660
10662
10665
10667
10668
10671
10672
10674
10677
10679
10680
10683
10686
10688
10691
10693
10694
10695
10698
10700
10701
10704
10705
10708
10712
10715
10717
10718
10720
10723
10724
10728
10729
10733
10734
10735
10737
10739
10741
10745
10748
10750
10753
10755
10759
10760
10763
10767
10768
10769
10770
10771
10774
10775
10778
10781
10784
10785
10788
10792
10795
10799
10803
10806
10809
10813
10816
10820
10821
10825
10829
10833
10835
10837
10838
10839
10841
10844
10848
10850
10854
10858
10860
10862
10866
10870
10874
10876
10880
10883
10884
10887
10889
10893
10894
10898
10902
10906
10909
10913
10916
10918
10921
10925
10928
10931
10935
10939
10941
10944
10945
10946
10948
10950
10952
10953
10955
10957
10959
10960
10964
10967
10970
10971
10973
10977
10981
10982
10985
10987
10988
10989
10993
10996
10997
10999
11001
11005
11007
11010
11013
11015
11018
11022
11026
11030
11031
11032
11033
11035
11036
11040
11044
11048
11052
11054
11057
11060
11062
11063
11064
11066
11067
11071
11072
11073
11074
11076
11077
11079
11083
11086
11090
11092
11094
11097
11098
11100
11103
11105
11109
11112
11113
11116
11118
11119
11123
11127
11130
11132
11136
11139
11142
11143
11145
11148
11149
11152
11156
11157
11161
11164
11167
11170
11174
11175
11176
11177
11179
11182
11184
11185
11187
11189
11193
11196
11198
11201
11204
11205
11209
11211
11214
11217
11219
11220
11221
11224
11227
11228
11231
11233
11236
11238
11239
11242
11244
11245
11248
11251
11255
11259
11263
11264
11265
11268
11271
11274
11275
11276
11279
11280
11283
11284
11287
11291
11292
11295
11297
11300
11303
11304
11305
11307
11309
11310
11314
11317
11318
11320
11321
11325
11326
11330
11334
11335
11337
11340
11343
11346
11349
11350
11353
11354
11356
11357
11358
11360
11363
11365
11366
11368
11370
11371
11374
11377
11378
11380
11381
11382
11385
11387
11388
11391
11392
11396
11399
11402
11404
11406
11407
11408
11410
11413
11414
11417
11420
11421
11422
11423
11426
11427
11429
11433
11434
11438
11441
11442
11443
11446
11447
11450
11454
11455
11456
11457
11458
11462
11465
11467
11468
11471
11473
11475
11476
11479
11480
11483
11486
11487
11490
11491
11492
11493
11494
11495
11499
11502
11503
11504
11505
11506
11509
11510
11512
11516
11517
11519
11522
11525
11528
11531
11532
11533
11537
11538
11541
11545
11548
11549
11553
11554
11556
11560
11561
11563
11567
11568
11572
11576
11577
11581
11582
11585
11589
11591
11593
11597
11600
11604
11606
11607
11609
11611
11612
11614
11616
11619
11620
11624
11628
11629
11630
11631
11635
11636
11638
11642
11643
11644
11647
11648
11652
11655
11659
11663
11667
11668
11671
11673
11674
11675
11678
11680
11682
11685
11688
11692
11694
11698
11701
11702
11706
11709
11710
11713
11717
11719
11721
11725
11727
11728
11729
11730
11733
11737
11741
11744
11748
11751
11755
11759
11762
11764
11766
11770
11771
11775
11778
11780
11783
11785
11787
11789
11793
11795
11796
11799
11802
11804
11807
11811
11813
11816
11820
11821
11823
11827
11830
11831
11833
11835
11836
11840
11844
11846
11849
11853
11854
11856
11857
11861
11864
11866
11867
11869
11872
11873
11874
11875
11878
11881
11885
11889
11890
11893
11897
11899
11901
11903
11905
11908
11912
11914
11916
11919
11922
11923
11925
11929
11931
11933
11936
11940
11943
11946
11947
11948
11952
11953
11954
11956
11959
11963
11964
11967
11969
11970
11974
11978
11980
11982
11984
11985
11988
11992
11995
11997
12001
12005
12006
12007
12008
12011
12015
12018
12019
12023
12026
12030
12031
12034
12035
12038
12040
12042
12044
12048
12050
12051
12054
12057
12059
12063
12067
12068
12071
12073
12075
12077
12079
12081
12083
12085
12089
12090
12091
12095
12096
12099
12103
12104
12106
12110
12113
12116
12117
12121
12123
12125
12126
12130
12131
12133
12137
12141
12143
12145
12146
12149
12153
12155
12159
12160
12164
12167
12169
12173
12176
12178
12180
12182
12184
12187
12188
12192
12194
12196
12200
12203
12206
12210
12213
12216
12217
12219
12221
12224
12227
12230
12231
12233
12237
12238
12241
12244
12247
12251
12253
12254
12255
12259
12261
12263
12265
12268
12269
12272
12276
12280
12282
12284
12287
12291
12292
12296
12297
12299
12301
12304
12308
12310
12311
12315
12317
12320
12322
12323
12325
12329
12330
12332
12335
12338
12341
12345
12346
12349
12352
12356
12359
12363
12364
12365
12368
12369
12373
12376
12379
12380
12381
12383
12386
12387
12388
12392
12395
12398
12402
12406
12408
12409
12410
12414
12417
12420
12423
12426
12428
12429
12431
12435
12439
12441
12445
12447
12450
12454
12458
12459
12463
12464
12466
12468
12469
12472
12474
12478
12479
12480
12483
12485
12486
12490
12491
12494
12496
12499
12500
12503
12507
12509
12511
12514
12518
12520
12521
12523
12524
12528
12530
12534
12538
12541
12543
12544
12545
12548
12552
12553
12556
12558
12560
12564
12565
12567
12569
12572
12573
12576
12577
12581
12585
12588
12590
12593
12597
12599
12603
12607
12609
12610
12613
12614
12618
12622
12623
12627
12629
12633
12634
12635
12637
12639
12643
12645
12649
12650
12654
12658
12661
12662
12665
12668
12671
12675
12676
12678
12680
12681
12682
12685
12686
12689
12692
12696
12699
12703
12707
12711
12714
12718
12722
12726
12727
12730
12732
12736
12740
12741
12744
12746
12747
12748
12752
12755
12756
12757
12761
12763
12764
12768
12772
12773
12776
12778
12779
12780
12781
12785
12789
12793
12796
12800
12803
12806
12808
12812
12815
12816
12817
12818
12821
12822
12824
12826
12830
12832
12834
12837
12840
12842
12845
12847
12850
12851
12854
12857
12858
12862
12864
12868
12871
12875
12878
12879
12881
12882
12883
12887
12888
12889
12890
12893
12894
12896
12897
12901
12904
12906
12909
12910
12914
12915
12917
12919
12920
12924
12928
12929
12932
12933
12937
12938
12942
12945
12947
12948
12951
12953
12954
12957
12959
12960
12962
12964
12966
12968
12970
12974
12977
12981
12985
12987
12991
12992
12995
12999
13003
13005
13009
13012
13014
13017
13020
13021
13022
13026
13028
13031
13032
13034
13036
13038
13040
13043
13047
13050
13054
13055
13057
13059
13063
13064
13068
13071
13072
13074
13076
13080
13084
13085
13087
13088
13091
13092
13094
13098
13102
13105
13107
13108
13112
13115
13117
13118
13119
13120
13123
13127
13128
13132
13134
13138
13142
13143
13145
13149
13151
13154
13157
13158
13161
13162
13164
13166
13167
13170
13171
13175
13176
13178
13182
13186
13187
13189
13193
13194
13196
13198
13199
13202
13203
13205
13207
13211
13213
13217
13220
13223
13225
13226
13230
13231
13232
13233
13235
13236
13239
13241
13242
13245
13248
13252
13254
13257
13258
13259
13263
13266
13268
13272
13273
13275
13276
13278
13279
13281
13282
13285
13289
13292
13295
13298
13301
13305
13308
13312
13316
13317
13318
13322
13325
13328
13332
13336
13338
13342
13346
13347
13349
13350
13354
13356
13358
13362
13366
13368
13369
13373
13377
13381
13383
13386
13389
13393
13395
13396
13399
13400
13402
13405
13406
13410
13412
13416
13420
13423
13426
13429
13432
13433
13437
13439
13441
13442
13443
13444
13447
13448
13449
13451
13455
13457
13461
13463
13465
13466
13469
13473
13475
13479
13482
13484
13487
13491
13492
13494
13496
13499
13500
13504
13507
13511
13512
13513
13517
13518
13519
13521
13522
13523
13527
13531
13534
13537
13539
13543
13547
13551
13554
13555
13558
13559
13561
13562
13566
13568
13571
13572
13576
13579
13583
13586
13588
13592
13595
13596
13600
13603
13606
13610
13614
13616
13620
13622
13626
13627
13628
13631
13635
13638
13641
13643
13647
13651
13653
13656
13657
13661
13665
13666
13668
13671
13674
13677
13680
13681
13685
13687
13690
13692
13694
13696
13699
13700
13703
13705
13706
13709
13710
13714
13716
13719
13720
13721
13724
13726
13729
13732
13734
13736
13739
13742
13743
13744
13746
13749
13750
13751
13755
13759
13761
13762
13763
13767
13768
13772
13773
13774
13776
13777
13781
13784
13788
13792
13795
13797
13799
13801
13805
13808
13811
13814
13815
13818
13821
13823
13824
13828
13830
13831
13834
13837
13838
13841
13843
13845
13847
13850
13852
13856
13859
13861
13863
13865
13866
13867
13870
13872
13874
13877
13881
13885
13886
13887
13890
13893
13895
13898
13900
13904
13907
13911
13913
13917
13920
13924
13925
13929
13931
13933
13936
13940
13943
13944
13946
13950
13951
13955
13956
13958
13960
13961
13962
13964
13965
13968
13969
13971
13973
13975
13976
13980
13982
13985
13988
13992
13994
13997
14000
14003
14004
14006
14008
14011
14013
14016
14018
14020
14023
14026
14029
14033
14036
14039
14041
14044
14046
14048
14052
14055
14058
14059
14061
14065
14068
14069
14072
14076
14079
14081
14083
14086
14089
14092
14094
14098
14100
14103
14104
14108
14109
14112
14115
14118
14119
14123
14124
14126
14127
14128
14132
14136
14137
14139
14142
14145
14147
14149
14151
14155
14158
14161
14164
14165
14166
14170
14174
14176
14178
14182
14183
14186
14188
14192
14193
14195
14198
14200
14204
14208
14210
14213
14216
14218
14222
14223
14227
14228
14230
14231
14232
14236
14239
14242
14246
14249
14251
14254
14255
14258
14260
14261
14262
14265
14269
14271
14272
14275
14278
14282
14284
14288
14290
14294
14295
14297
14301
14305
14307
14309
14313
14315
14316
14318
14322
14323
14327
14328
14331
14335
14339
14340
14341
14345
14348
14352
14353
14356
14358
14361
14363
14366
14368
14372
14374
14376
14377
14379
14380
14382
14385
14389
14393
14396
14397
14400
14403
14404
14408
14410
14414
14417
14419
14423
14425
14429
14433
14436
14439
14440
14441
14445
14449
14452
14455
14456
14460
14463
14465
14466
14467
14471
14475
14479
14482
14483
14485
14486
14487
14488
14490
14494
14497
14500
14504
14505
14508
14511
14514
14515
14518
14521
14525
14527
14528
14531
14534
14535
14536
14540
14541
14542
14546
14550
14554
14556
14560
14562
14564
14568
14570
14574
14578
14579
14581
14584
14585
14589
14590
14593
14597
14600
14601
14605
14606
14608
14610
14613
14615
14617
14619
14621
14624
14625
14626
14628
14630
14631
14634
14638
14642
14643
14646
14649
14650
14654
14655
14656
14660
14661
14664
14667
14671
14674
14676
14680
14684
14687
14689
14690
14691
14694
14696
14699
14703
14706
14710
14711
14714
14717
14721
14723
14726
14728
14729
14732
14734
14735
14738
14739
14741
14742
14745
14746
14749
14750
14754
14757
14760
14761
14764
14767
14770
14771
14772
14774
14777
14778
14781
14782
14785
14787
14789
14790
14794
14796
14799
14800
14803
14804
14805
14809
14810
14813
14817
14820
14823
14826
14827
14829
14832
14836
14840
14841
14845
14846
14849
14851
14852
14853
14855
14858
14860
14863
14866
14867
14868
14869
14870
14873
14874
14875
14877
14878
14882
14883
14886
14888
14891
14895
14898
14899
14902
14905
14906
14908
14911
14914
14917
14920
14923
14927
14928
14929
14931
14934
14935
14937
14940
14942
14946
14949
14951
14952
14955
14956
14957
14958
14961
14964
14968
14969
14972
14974
14977
14981
14984
14985
14987
14988
14991
14992
14996
14999
15000
15002
15003
15004
15007
15010
15012
15015
15016
15020
15023
15026
15030
15034
15038
15040
15042
15045
15048
15049
15050
15051
15055
15058
15060
15061
15065
15069
15070
15073
15076
15077
15081
15084
15086
15089
15091
15094
15095
15097
15099
15102
15103
15105
15107
15111
15114
15118
15120
15121
15125
15127
15129
15132
15133
15136
15139
15143
15145
15149
15151
15155
15159
15161
15164
15165
15169
15173
15177
15181
15182
15183
15185
15186
15188
15192
15196
15197
15200
15202
15203
15205
15208
15210
15214
15217
15221
15223
15225
15227
15228
15232
15233
15234
15235
15238
15239
15243
15245
15249
15252
15255
15256
15260
15263
15265
15268
15271
15273
15274
15278
15281
15283
15285
15289
15290
15291
15295
15298
15300
15301
15304
15305
15306
15309
15310
15314
15318
15322
15323
15326
15328
15331
15334
15336
15338
15339
15343
15347
15349
15350
15353
15357
15359
15363
15367
15370
15374
15377
15378
15380
15383
15386
15388
15391
15393
15396
15398
15399
15401
15404
15407
15411
15412
15414
15415
15417
15419
15423
15424
15427
15431
15434
15437
15439
15442
15444
15448
15450
15454
15458
15461
15463
15465
15466
15470
15473
15476
15478
15481
15485
15489
15491
15494
15498
15501
15504
15506
15510
15513
15515
15517
15519
15520
15524
15527
15530
15531
15533
15537
15541
15542
15545
15546
15549
15552
15553
15554
15555
15557
15561
15565
15566
15567
15570
15574
15577
15578
15579
15581
15584
15587
15590
15591
15594
15597
15600
15601
15604
15605
15609
15612
15613
15615
15618
15621
15625
15628
15632
15636
15640
15643
15647
15651
15654
15656
15660
15661
15663
15667
15669
15670
15672
15676
15677
15681
15683
15686
15690
15691
15694
15698
15701
15705
15706
15707
15709
15710
15714
15715
15719
15722
15725
15728
15731
15732
15736
15738
15739
15741
15742
15744
15746
15749
15751
15753
15755
15758
15762
15764
15767
15770
15771
15772
15774
15775
15777
15780
15781
15782
15786
15787
15790
15792
15795
15796
15799
15802
15804
15807
15811
15814
15815
15816
15817
15819
15821
15823
15827
15828
15831
15834
15837
15840
15843
15847
15851
15855
15858
15862
15866
15868
15872
15875
15878
15881
15884
15885
15886
15887
15891
15895
15898
15902
15906
15909
15910
15911
15915
15919
15920
15923
15925
15929
15930
15931
15934
15938
15942
15943
15947
15951
15953
15956
15958
15959
15960
15964
15965
15966
15970
15974
15978
15980
15983
15986
15990
15993
15996
16000
16003
16007
16009
16013
16016
16018
16022
16023
16025
16029
16031
16032
16035
16038
16041
16045
16048
16052
16055
16059
16063
16066
16069
16073
16077
16079
16081
16085
16089
16090
16093
16095
16099
16103
16105
16107
16108
16109
16111
16113
16117
16120
16122
16124
16126
16127
16128
16132
16136
16140
16143
16146
16148
16150
16152
16153
16156
16160
16164
16166
16170
16172
16176
16179
16180
16181
16185
16187
16188
16189
16192
16193
16197
16198
16200
16201
16202
16205
16209
16213
16215
16218
16220
16223
16227
16231
16234
16236
16239
16242
16245
16247
16251
16253
16257
16258
16260
16263
16265
16268
16271
16275
16278
16280
16284
16288
16290
16294
16296
16298
16301
16304
16308
16309
16310
16313
16317
16321
16325
16327
16329
16331
16334
16335
16339
16341
16342
16343
16347
16349
16352
16354
16356
16357
16361
16362
16363
16364
16365
16367
16369
16372
16373
16374
16377
16378
16381
16383
16387
16389
16392
16393
16397
16398
16400
16403
16405
16407
16410
16411
16415
16417
16420
16421
16423
16425
16426
16428
16430
16431
16435
16439
16443
16447
16451
16453
16457
16460
16464
16468
16472
16474
16478
16481
16484
16485
16486
16490
16493
16497
16498
16500
16501
16504
16506
16508
16512
16514
16518
16519
16522
16525
16529
16531
16533
16537
16540
16541
16543
16545
16549
16550
16554
16558
16562
16564
16568
16572
16573
16575
16578
16579
16582
16585
16588
16592
16593
16595
16597
16601
16604
16608
16610
16612
16613
16616
16617
16620
16623
16625
16626
16629
16632
16636
16638
16640
16641
16642
16643
16644
16647
16651
16653
16654
16656
16660
16661
16663
16665
16667
16668
16672
16673
16675
16676
16677
16681
16683
16686
16689
16692
16695
16696
16697
16699
16701
16703
16705
16707
16710
16713
16717
16719
16723
16724
16727
16730
16731
16732
16736
16738
16739
16742
16744
16747
16751
16753
16755
16756
16760
16764
16767
16770
16774
16778
16782
16783
16784
16786
16789
16792
16796
16798
16802
16805
16807
16810
16811
16813
16816
16817
16820
16823
16826
16830
16831
16833
16834
16837
16839
16840
16842
16843
16846
16848
16852
16854
16856
16860
16863
16867
16870
16872
16874
16876
16880
16883
16887
16888
16889
16891
16892
16895
16896
16899
16902
16903
16904
16907
16910
16912
16915
16916
16918
16919
16921
16922
16925
16928
16929
16930
16933
16936
16939
16943
16947
16949
16951
16955
16957
16959
16960
16962
16963
16964
16965
16968
16970
16971
16972
16976
16978
16982
16986
16990
16994
16995
16999
17001
17005
17009
17012
17014
17016
17017
17018
17020
17022
17024
17025
17029
17033
17034
17035
17039
17041
17042
17044
17047
17048
17050
17052
17055
17056
17058
17060
17061
17063
17064
17066
17067
17068
17072
17074
17076
17080
17082
17085
17087
17091
17094
17095
17098
17102
17103
17105
17106
17108
17111
17114
17116
17120
17124
17128
17129
17130
17131
17132
17135
17137
17139
17142
17144
17146
17147
17150
17151
17153
17155
17157
17158
17162
17164
17167
17170
17173
17177
17180
17184
17186
17187
17188
17190
17191
17192
17194
17195
17196
17198
17201
17203
17206
17208
17211
17215
17217
17219
17220
17223
17226
17228
17232
17234
17238
17240
17241
17243
17245
17248
17249
17252
17256
17257
17261
17265
17266
17267
17271
17273
17275
17278
17281
17282
17286
17288
17292
17293
17296
17300
17303
17304
17306
17308
17310
17311
17315
17317
17319
17320
17321
17323
17326
17330
17332
17335
17338
17341
17344
17346
17350
17351
17355
17357
17358
17361
17364
17368
17371
17372
17376
17378
17379
17380
17383
17386
17387
17389
17393
17395
17397
17401
17404
17405
17408
17412
17415
17416
17418
17419
17422
17423
17424
17426
17429
17430
17431
17432
17433
17436
17438
17442
17446
17448
17452
17455
17459
17463
17467
17471
17472
17474
17477
17480
17482
17484
17486
17490
17492
17496
17500
17504
17508
17509
17511
17513
17514
17516
17519
17520
17524
17528
17532
17536
17537
17540
17542
17543
17545
17546
17550
17552
17554
17556
17560
17563
17566
17568
17570
17571
17572
17574
17578
17582
17584
17585
17587
17589
17591
17595
17598
17600
17603
17605
17606
17609
17610
17612
17615
17617
17619
17621
17625
17629
17633
17636
17638
17640
17644
17648
17650
17654
17655
17657
17661
17663
17665
17666
17669
17673
17677
17678
17679
17681
17684
17685
17689
17692
17694
17697
17701
17704
17708
17711
17713
17716
17718
17722
17723
17724
17727
17729
17730
17733
17736
17740
17744
17745
17749
17751
17755
17758
17761
17765
17769
17770
17774
17777
17780
17781
17782
17784
17787
17788
17789
17790
17793
17795
17799
17802
17804
17806
17807
17809
17813
17816
17817
17820
17823
17827
17831
17833
17835
17837
17838
17839
17841
17845
17849
17853
17857
17861
17863
17866
17870
17872
17875
17878
17881
17883
17884
17888
17891
17892
17894
17896
17900
17902
17906
17908
17910
17913
17917
17920
17921
17925
17929
17931
17935
17938
17940
17943
17945
17948
17949
17951
17955
17958
17962
17964
17968
17972
17973
17975
17976
17978
17981
17985
17989
17991
17992
17993
17994
17998
18001
18002
18006
18008
18010
18013
18017
18020
18021
18023
18024
18026
18029
18033
18037
18039
18040
18044
18045
18047
18048
18049
18052
18056
18060
18062
18063
18064
18066
18067
18071
18072
18073
18076
18078
18081
18082
18084
18085
18087
18090
18092
18095
18096
18097
18099
18101
18103
18104
18106
18109
18111
18114
18115
18116
18118
18121
18122
18124
18128
18130
18132
18136
18138
18142
18144
18148
18149
18152
18153
18155
18156
18158
18162
18163
18165
18166
18168
18171
18173
18176
18177
18180
18181
18183
18186
18189
18193
18196
18200
18203
18207
18208
18211
18213
18214
18218
18219
18220
18222
18223
18225
18227
18229
18230
18232
18236
18237
18240
18242
18244
18245
18248
18252
18254
18258
18260
18264
18267
18268
18271
18272
18276
18280
18283
18284
18288
18290
18292
18296
18299
18301
18302
18306
18310
18311
18312
18315
18316
18319
18323
18326
18330
18332
18334
18335
18336
18340
18344
18347
18351
18353
18357
18360
18361
18363
18367
18371
18375
18376
18379
18381
18383
18386
18388
18389
18392
18394
18397
18401
18402
18405
18407
18411
18415
18418
18422
18423
18425
18428
18431
18432
18436
18438
18442
18443
18447
18450
18454
18457
18460
18463
18467
18471
18472
18473
18474
18478
18481
18484
18487
18490
18491
18495
18497
18498
18500
18501
18502
18506
18509
18512
18516
18518
18519
18522
18524
18528
18529
18531
18533
18536
18540
18541
18544
18548
18550
18553
18556
18560
18561
18562
18564
18566
18570
18573
18575
18577
18580
18582
18583
18584
18588
18592
18594
18598
18601
18605
18608
18611
18612
18616
18618
18622
18623
18627
18630
18632
18634
18636
18637
18639
18641
18643
18646
18648
18652
18656
18659
18661
18662
18665
18667
18668
18670
18673
18677
18681
18683
18686
18689
18691
18693
18697
18698
18700
18703
18707
18710
18714
18715
18718
18719
18721
18725
18729
18732
18735
18738
18739
18743
18747
18750
18751
18755
18756
18760
18763
18767
18768
18769
18771
18774
18777
18778
18781
18785
18788
18790
18793
18795
18797
18798
18801
18805
18806
18808
18810
18813
18817
18820
18823
18826
18827
18830
18832
18833
18835
18836
18837
18840
18841
18843
18844
18847
18850
18853
18856
18857
18858
18859
18862
18864
18865
18866
18867
18868
18870
18873
18877
18878
18879
18881
18885
18886
18890
18891
18893
18895
18896
18898
18902
18904
18907
18911
18915
18916
18918
18920
18922
18924
18926
18930
18934
18937
18941
18945
18948
18949
18951
18953
18954
18956
18959
18963
18966
18969
18970
18974
18978
18979
18980
18983
18985
18988
18990
18992
18996
18999
19002
19003
19004
19005
19009
19013
19016
19019
19022
19023
19026
19027
19030
19033
19035
19036
19039
19043
19046
19049
19052
19054
19057
19060
19064
19065
19067
19068
19070
19071
19075
19079
19080
19084
19088
19092
19095
19097
19099
19100
19103
19107
19108
19109
19111
19114
19115
19119
19121
19125
19127
19128
19129
19130
19133
19134
19135
19139
19140
19142
19146
19150
19151
19155
19158
19159
19162
19163
19165
19169
19171
19175
19178
19180
19184
19185
19189
19190
19194
19196
19200
19202
19204
19208
19210
19214
19218
19220
19224
19225
19228
19231
19235
19238
19241
19244
19247
19248
19251
19252
19253
19257
19261
19264
19266
19270
19273
19274
19278
19281
19283
19286
19290
19293
19295
19296
19299
19301
19303
19305
19307
19311
19315
19316
19318
19320
19323
19324
19327
19329
19330
19333
19334
19338
19339
19341
19344
19348
19351
19353
19355
19359
19363
19364
19367
19369
19370
19371
19374
19376
19378
19382
19383
19384
19388
19390
19393
19396
19398
19399
19403
19405
19408
19412
19414
19417
19419
19423
19425
19429
19431
19434
19437
19438
19441
19442
19444
19447
19448
19452
19456
19458
19461
19465
19468
19471
19473
19474
19475
19478
19479
19483
19484
19487
19490
19492
19493
19497
19498
19501
19504
19506
19507
19509
19512
19516
19518
19522
19524
19527
19531
19533
19537
19539
19540
19542
19546
19548
19550
19554
19555
19557
19560
19561
19565
19567
19569
19570
19571
19573
19576
19580
19584
19587
19588
19590
19592
19594
19595
19599
19603
19607
19608
19612
19614
19615
19616
19617
19620
19623
19624
19627
19631
19634
19637
19641
19645
19649
19653
19654
19655
19657
19661
19665
19669
19673
19674
19676
19677
19679
19680
19681
19682
19683
19687
19689
19690
19694
19697
19700
19702
19705
19706
19708
19709
19712
19713
19714
19716
19720
19721
19724
19725
19729
19731
19735
19738
19741
19742
19745
19749
19750
19753
19757
19758
19760
19762
19764
19766
19770
19774
19777
19779
19780
19784
19786
19789
19793
19795
19796
19799
19801
19804
19807
19808
19812
19815
19818
19820
19823
19825
19826
19830
19834
19835
19839
19841
19843
19844
19847
19848
19849
19850
19852
19853
19854
19857
19860
19864
19865
19868
19871
19873
19874
19875
19878
19879
19882
19883
19885
19887
19889
19892
19893
19895
19898
19902
19905
19909
19910
19911
19915
19916
19917
19918
19919
19920
19923
19926
19927
19930
19932
19935
19936
19938
19941
19944
19946
19948
19951
19955
19958
19959
19961
19964
19966
19970
19972
19976
19979
19981
19985
19987
19989
19993
19995
19997
19998
20002
20003
20004
20007
20009
20012
20015
20018
20019
20020
20021
20023
20026
20030
20034
20037
20038
20040
20044
20048
20052
20055
20057
20058
20060
20063
20066
20068
20072
20076
20078
20081
20085
20087
20088
20089
20093
20096
20100
20104
20107
20111
20113
20115
20118
20119
20123
20126
20129
20133
20135
20137
20139
20142
20144
20148
20149
20153
20154
20158
20162
20164
20166
20169
20172
20175
20179
20181
20182
20185
20186
20190
20192
20194
20195
20199
20202
20206
20208
20209
20212
20215
20217
20218
20219
20222
20226
20227
20230
20234
20238
20240
20241
20242
20246
20249
20252
20255
20259
20263
20264
20268
20271
20273
20275
20278
20279
20283
20285
20287
20291
20292
20296
20297
20298
20302
20305
20309
20313
20314
20317
20320
20322
20325
20329
20331
20332
20334
20338
20342
20343
20344
20347
20350
20352
20356
20357
20360
20363
20366
20370
20372
20375
20379
20381
20384
20387
20388
20390
20393
20394
20398
20399
20402
20404
20408
20412
20414
20416
20419
20420
20422
20425
20428
20429
20430
20433
20434
20437
20438
20441
20443
20446
20447
20448
20452
20455
20459
20463
20467
20469
20470
20473
20475
20478
20482
20484
20486
20487
20490
20494
20495
20499
20502
20506
20510
20513
20515
20516
20517
20519
20522
20524
20528
20532
20535
20539
20541
20543
20546
20548
20551
20554
20558
20562
20563
20567
20568
20570
20574
20577
20579
20580
20583
20587
20591
20593
20595
20596
20598
20600
20602
20603
20606
20608
20612
20613
20614
20615
20617
20620
20622
20626
20628
20630
20634
20636
20637
20641
20645
20649
20652
20653
20657
20658
20662
20665
20667
20668
20671
20675
20677
20678
20682
20686
20688
20691
20692
20694
20697
20699
20703
20704
20706
20707
20709
20710
20713
20715
20719
20721
20722
20724
20726
20727
20729
20730
20733
20737
20738
20740
20743
20745
20747
20749
20750
20753
20757
20758
20762
20764
20767
20770
20772
20776
20780
20783
20787
20789
20793
20796
20799
20800
20801
20805
20806
20808
20812
20815
20816
20820
20824
20827
20828
20829
20833
20834
20837
20840
20842
20844
20845
20849
20850
20852
20855
20859
20860
20862
20863
20867
20871
20874
20878
20882
20884
20888
20890
20891
20894
20896
20900
20902
20903
20907
20910
20914
20918
20919
20922
20923
20926
20929
20933
20936
20940
20942
20944
20948
20951
20953
20957
20960
20964
20967
20969
20970
20973
20976
20977
20978
20979
20983
20985
20986
20989
20993
20997
20999
21000
21002
21005
21008
21012
21014
21015
21019
21023
21025
21028
21030
21033
21035
21039
21041
21042
21044
21046
21049
21053
21055
21058
21062
21063
21067
21071
21074
21078
21082
21086
21090
21091
21093
21095
21096
21100
21102
21106
21109
21112
21114
21118
21119
21123
21127
21129
21133
21134
21137
21139
21143
21147
21151
21155
21159
21162
21165
21167
21169
21171
21172
21173
21176
21179
21181
21184
21186
21189
21191
21195
21196
21199
21202
21203
21205
21207
21209
21210
21212
21216
21218
21220
21223
21224
21225
21227
21231
21234
21237
21238
21239
21243
21245
21248
21250
21253
21254
21257
21259
21261
21263
21265
21269
21273
21276
21278
21280
21284
21286
21289
21293
21297
21301
21303
21307
21311
21315
21318
21321
21323
21327
21330
21331
21332
21333
21335
21338
21339
21343
21347
21349
21350
21352
21353
21354
21358
21360
21362
21365
21369
21373
21375
21378
21382
21386
21388
21391
21394
21395
21396
21400
21404
21407
21408
21412
21415
21417
21419
21422
21424
21426
21430
21432
21435
21436
21438
21440
21442
21445
21449
21450
21453
21455
21458
21460
21461
21462
21466
21469
21470
21471
21473
21477
21480
21482
21485
21487
21491
21495
21499
21500
21501
21505
21507
21510
21514
21518
21522
21523
21525
21529
21531
21535
21536
21540
21541
21542
21546
21547
21550
21554
21555
21559
21562
21565
21567
21568
21572
21573
21574
21578
21579
21580
21583
21585
21589
21591
21592
21595
21597
21600
21602
21605
21607
21609
21612
21615
21617
21619
21622
21626
21628
21631
21635
21639
21640
21641
21642
21643
21644
21645
21649
21650
21651
21653
21655
21659
21662
21665
21668
21672
21673
21677
21680
21682
21684
21685
21689
21692
21694
21696
21699
21702
21706
21708
21711
21712
21714
21717
21718
21720
21723
21727
21729
21732
21733
21736
21739
21742
21743
21744
21746
21747
21751
21755
21758
21759
21763
21765
21769
21771
21775
21777
21781
21784
21787
21789
21792
21796
21800
21803
21804
21806
21808
21810
21811
21813
21817
21820
21824
21825
21828
21830
21831
21833
21834
21837
21840
21841
21842
21844
21846
21850
21853
21854
21856
21857
21860
21861
21865
21867
21870
21874
21878
21879
21880
21884
21886
21890
21892
21894
21898
21902
21905
21906
21907
21910
21913
21916
21919
21922
21926
21930
21932
21934
21935
21939
21941
21944
21948
21949
21953
21955
21959
21962
21964
21968
21970
21974
21978
21981
21982
21985
21987
21990
21993
21996
21997
21999
22000
22004
22008
22009
22012
22014
22016
22019
22020
22024
22025
22029
22033
22034
22035
22039
22042
22045
22048
22049
22051
22053
22056
22058
22059
22060
22064
22067
22070
22074
22078
22081
22084
22088
22091
22093
22094
22095
22099
22100
22104
22105
22109
22112
22113
22117
22119
22122
22124
22125
22128
22131
22133
22135
22139
22141
22143
22146
22147
22151
22154
22158
22160
22161
22164
22165
22167
22170
22171
22173
22176
22180
22182
22184
22186
22188
22190
22194
22198
22201
22205
22208
22210
22211
22215
22216
22219
22220
22224
22227
22231
22233
22235
22236
22238
22239
22240
22244
22247
22248
22249
22251
22255
22257
22260
22262
22265
22269
22270
22272
22275
22279
22283
22287
22291
22294
22298
22300
22303
22306
22310
22312
22316
22318
22321
22323
22325
22328
22329
22333
22337
22338
22339
22342
22344
22348
22352
22356
22359
22363
22364
22365
22368
22369
22373
22376
22379
22383
22387
22389
22391
22395
22398
22400
22401
22402
22405
22407
22411
22414
22415
22418
22421
22423
22424
22428
22429
22430
22433
22436
22440
22443
22447
22450
22453
22456
22457
22459
22461
22465
22468
22472
22475
22476
22477
22480
22482
22485
22489
22490
22491
22492
22495
22498
22500
22503
22505
22507
22510
22514
22518
22521
22523
22526
22527
22528
22530
22531
22533
22536
22540
22544
22546
22549
22553
22555
22556
22557
22561
22562
22563
22567
22568
22571
22573
22575
22577
22580
22583
22587
22589
22591
22593
22597
22598
22600
22604
22606
22608
22609
22613
22615
22619
22621
22625
22628
22631
22635
22639
22642
22646
22650
22652
22656
22659
22663
22664
22668
22670
22673
22676
22680
22681
22682
22685
22686
22688
22690
22692
22696
22698
22699
22700
22701
22703
22707
22710
22711
22714
22716
22719
22722
22724
22728
22730
22734
22737
22740
22743
22744
22745
22746
22750
22751
22752
22754
22755
22758
22761
22763
22765
22769
22772
22774
22778
22782
22783
22785
22789
22792
22796
22798
22799
22800
22802
22805
22809
22813
22814
22816
22820
22821
22823
22826
22828
22831
22835
22837
22838
22840
22844
22846
22847
22849
22852
22856
22857
22860
22862
22863
22864
22865
22867
22869
22870
22873
22877
22881
22884
22888
22889
22891
22895
22897
22898
22899
22903
22907
22910
22914
22916
22918
22919
22921
22924
22927
22929
22932
22933
22936
22939
22941
22944
22945
22948
22951
22954
22956
22958
22959
22960
22962
22965
22969
22972
22975
22976
22979
22981
22984
22986
22989
22993
22996
22997
22999
23000
23002
23006
23008
23012
23015
23018
23020
23023
23024
23028
23029
23031
23032
23034
23036
23038
23042
23043
23047
23049
23050
23052
23055
23058
23062
23064
23066
23068
23070
23073
23075
23078
23081
23084
23086
23087
23088
23091
23094
23095
23097
23100
23102
23104
23108
23111
23114
23117
23121
23123
23127
23131
23135
23138
23141
23144
23148
23152
23156
23157
23160
23161
23164
23165
23169
23173
23174
23178
23180
23183
23184
23187
23188
23190
23194
23195
23196
23198
23201
23205
23208
23211
23214
23216
23217
23218
23222
23226
23227
23230
23234
23237
23241
23243
23246
23249
23250
23253
23255
23257
23258
23260
23264
23265
23269
23272
23273
23277
23281
23285
23288
23290
23292
23293
23297
23299
23301
23304
23305
23307
23309
23313
23317
23318
23319
23321
23324
23325
23329
23333
23335
23339
23341
23342
23346
23347
23350
23351
23355
23357
23361
23363
23366
23367
23369
23371
23373
23376
23377
23379
23383
23385
23386
23389
23391
23392
23396
23400
23401
23404
23407
23409
23411
23415
23417
23419
23423
23427
23429
23432
23433
23434
23438
23441
23442
23444
23445
23447
23451
23452
23455
23459
23461
23464
23466
23469
23472
23474
23476
23479
23483
23487
23491
23493
23497
23498
23501
23504
23508
23512
23514
23518
23522
23523
23525
23529
23531
23533
23534
23536
23538
23541
23542
23545
23546
23548
23549
23552
23555
23557
23558
23561
23563
23567
23571
23572
23576
23578
23581
23584
23585
23589
23591
23595
23596
23599
23602
23604
23605
23608
23611
23613
23614
23617
23618
23619
23620
23621
23624
23627
23630
23633
23634
23638
23640
23644
23648
23649
23650
23652
23655
23656
23658
23662
23666
23668
23670
23672
23675
23677
23681
23683
23687
23691
23695
23699
23703
23707
23711
23713
23716
23718
23722
23725
23726
23727
23730
23734
23735
23738
23740
23743
23747
23750
23752
23755
23759
23763
23764
23766
23767
23771
23774
23778
23782
23785
23788
23791
23793
23796
23797
23801
23805
23809
23812
23813
23814
23815
23819
23820
23823
23824
23828
23830
23833
23834
23835
23837
23841
23842
23846
23847
23851
23853
23857
23860
23864
23867
23869
23871
23872
23874
23875
23879
23880
23883
23887
23888
23891
23895
23897
23899
23903
23904
23907
23910
23911
23914
23918
23919
23922
23925
23926
23929
23930
23934
23935
23939
23941
23943
23944
23946
23949
23951
23953
23957
23961
23962
23966
23969
23973
23974
23978
23982
23983
23985
23987
23989
23990
23991
23993
23996
24000
24002
24003
24007
24008
24010
24013
24016
24019
24023
24027
24029
24030
24031
24032
24036
24038
24042
24044
24045
24046
24047
24051
24052
24055
24056
24058
24061
24063
24066
24067
24068
24072
24074
24078
24079
24082
24084
24087
24088
24089
24091
24093
24094
24097
24099
24100
24104
24106
24108
24112
24114
24117
24121
24123
24124
24128
24132
24135
24136
24138
24141
24142
24144
24148
24152
24154
24156
24158
24162
24165
24167
24168
24172
24175
24178
24180
24183
24185
24188
24192
24194
24198
24200
24201
24202
24204
24208
24212
24216
24217
24219
24222
24223
24226
24228
24229
24233
24237
24239
24242
24244
24247
24250
24251
24252
24254
24256
24259
24262
24266
24269
24273
24276
24280
24284
24288
24290
24294
24297
24298
24302
24306
24309
24313
24315
24316
24320
24321
24325
24326
24329
24330
24334
24336
24337
24341
24344
24347
24350
24351
24353
24354
24355
24356
24360
24364
24368
24369
24372
24374
24376
24378
24380
24384
24386
24389
24393
24394
24398
24401
24403
24405
24408
24409
24412
24416
24420
24421
24423
24425
24427
24430
24432
24434
24437
24439
24440
24442
24444
24448
24452
24455
24456
24457
24460
24462
24465
24467
24470
24472
24473
24477
24481
24484
24488
24490
24492
24495
24498
24501
24502
24506
24508
24510
24511
24515
24518
24519
24521
24522
24526
24527
24530
24531
24532
24533
24535
24538
24541
24545
24546
24549
24552
24556
24557
24559
24560
24563
24564
24567
24568
24569
24571
24573
24575
24577
24579
24580
24583
24586
24587
24589
24592
24595
24597
24600
24604
24608
24609
24611
24614
24615
24619
24621
24625
24629
24632
24633
24635
24638
24641
24644
24647
24648
24652
24653
24655
24656
24657
24661
24664
24665
24667
24668
24671
24674
24677
24679
24681
24685
24688
24689
24693
24695
24697
24701
24703
24707
24711
24714
24717
24719
24720
24721
24723
24724
24725
24729
24730
24731
24734
24738
24739
24743
24747
24751
24754
24757
24758
24762
24764
24768
24772
24773
24774
24775
24779
24781
24782
24785
24786
24789
24790
24791
24794
24796
24797
24801
24802
24804
24808
24812
24813
24814
24817
24821
24825
24826
24828
24832
24833
24836
24839
24843
24847
24851
24852
24855
24856
24857
24859
24860
24863
24865
24867
24868
24871
24873
24877
24881
24884
24888
24891
24894
24898
24899
24902
24905
24907
24911
24913
24915
24918
24919
24920
24922
24926
24927
24931
24935
24936
24937
24938
24941
24943
24945
